Part 1
a=0.8,b=0.2
    80.7769
   82.6209
   85.0190
   83.4970
  -70.0000
   82.8289
   85.1572
   87.5453
   89.8566
   91.8099
   84.7223
   87.2914
   89.9229
   92.2985
   94.4759
   69.7475
   86.9837
   92.3529
   94.7513
   97.2035
  -70.0000
   91.4994
   94.4818
   97.2035
  100.0000

	
a=0.9,0.05
   82.8861
   84.7434
   86.8374
   85.0940
  -70.0000
   84.8415
   86.9232
   89.0318
   91.1391
   93.0782
   86.7212
   88.9220
   91.1536
   93.2937
   95.3529
   79.9732
   90.3251
   93.3041
   95.4676
   97.6598
  -70.0000
   93.0363
   95.3534
   97.6598
  100.0000

2. There is no major diffrence
3. b sometimes moves object sideways